conversion factors:
0.02109375
0.020610687022900764
0.022594142259414227
0.01985294117647059
0.021176470588235297
0.01935483870967742
0.021176470588235297
0.02109375
0.01963636363636364
0.022500000000000003
0.019780219780219783
0.01956521739130435
0.022594142259414227
0.023175965665236054
0.020610687022900764
0.02278481012658228
0.023076923076923078
0.01985294117647059
0.021862348178137654
0.023893805309734516


0.079375
0.125000
0.171250
0.220625
0.281250
0.305000
0.295625
0.361875
0.371875
0.454375
0.480625
0.473125
0.516875
0.492500
0.562500
0.539375
0.579375
0.673125
0.638125
0.592500